100,28.8702,18.3508
200,37.5694,18.4632
300,44.5429,21.4565
400,32.8113,13.4893
500,39.6136,20.9631
600,25.4699,10.5511
700,44.2768,20.9768
800,55.8733,24.6849
900,50.1467,27.0385
1000,53.6006,25.2194
1100,54.1003,27.1779
1200,45.0435,22.8973
1300,54.3631,27.3346
1400,48.4157,23.2423
1500,51.7461,26.8463
1600,60.1738,26.4855
1700,76.7520,34.3634
1800,89.8229,32.8776
1900,95.9713,33.3959
2000,98.8596,35.5516
2100,114.6087,36.8149
2200,117.2602,38.3563
2300,113.3316,35.5733
2400,118.8008,34.8685
2500,127.3841,31.8777
2600,126.9124,38.0633
2700,108.7086,31.4124
2800,121.6337,39.3747
2900,102.3544,33.3524
3000,137.1589,36.1137
3100,144.2792,37.6433
3200,145.8106,35.4773
3300,140.9109,33.4546
3400,145.1572,36.4535
3500,153.1565,34.0434
3600,156.5368,39.0363
3700,147.8290,38.6916
3800,161.7584,31.3313
3900,162.7142,34.4782
4000,127.8974,44.0588
4100,146.4405,34.9916
4200,143.4814,42.2385
4300,173.8787,35.8362
4400,173.7422,31.5577
4500,182.3820,27.8450
4600,177.3816,35.6575
4700,175.1799,32.8952
4800,172.5926,29.5147
4900,174.4768,39.0274
5000,171.7245,31.0986
5100,178.4118,30.0730
5200,191.7315,29.0766
5300,177.7180,27.8604
5400,170.7550,34.8233
5500,180.2261,31.7196
5600,187.9965,25.6809
5700,192.5404,31.4363
5800,187.8887,31.6408
5900,183.6648,34.6840
6000,192.3044,31.6835
6100,192.0427,32.9032
6200,198.8293,27.0886
6300,170.9950,37.2544
6400,148.0378,37.0699
6500,190.4500,32.7256
6600,189.9247,32.6320
6700,192.0996,34.0471
6800,197.4303,24.4056
6900,186.6067,29.8077
7000,197.5985,29.0737
7100,183.3699,33.6107
7200,164.4789,45.9996
7300,196.0410,27.8577
7400,202.2490,24.8769
7500,205.3313,27.6724
7600,146.4421,40.9124
7700,170.2836,40.2495
7800,206.9604,26.8004
7900,201.4918,30.3742
8000,156.4355,44.9234
8100,201.2342,28.8064
8200,202.6598,27.9079
8300,192.2272,28.8952
8400,207.3825,26.7445
8500,209.1724,22.9439
8600,205.4885,27.7204
8700,209.0371,25.6665
8800,208.5938,27.9535
8900,203.0354,34.9518
9000,207.1424,25.6516
9100,211.3951,23.7151
9200,208.4700,25.2919
9300,213.6785,26.0340
9400,206.7287,30.4417
9500,203.7813,29.1452
9600,192.9137,36.6034
9700,211.8406,22.8522
9800,171.8073,33.6217
9900,202.4060,29.8266
10000,193.5573,26.2295
10100,218.1719,22.5171
10200,216.8151,23.7124
10300,216.4673,26.0956
10400,207.8258,29.4005
10500,215.8964,26.7476
10600,213.3443,36.1702
10700,214.1584,27.8519
10800,219.5672,22.4599
10900,208.5528,24.3609
11000,217.3121,25.7674
11100,213.9780,26.1629
11200,217.1048,25.0246
11300,216.7648,22.6566
11400,212.9083,31.3813
11500,209.1757,34.0472
11600,217.8077,22.2251
11700,215.9300,23.6979
11800,210.8463,26.4084
11900,206.4216,28.7632
12000,218.0863,25.4542
12100,208.4414,30.0017
12200,218.0137,20.4416
12300,208.4310,30.2434
12400,209.7064,33.1857
12500,218.2268,26.0933
12600,201.6752,25.9409
12700,223.1478,23.4166
12800,221.1622,20.7976
12900,219.4577,25.7483
13000,220.5956,20.8533
13100,189.9786,37.5521
13200,222.0426,24.1604
13300,226.9975,21.7049
13400,226.1721,22.6041
13500,211.6420,27.2235
13600,223.9224,22.9238
13700,223.5078,45.4707
13800,216.0237,19.2242
13900,222.1881,22.9886
14000,213.7569,26.4690
14100,218.5629,24.6200
14200,227.1212,22.6274
14300,226.8261,20.2658
14400,216.7701,28.6789
14500,218.9695,27.0937
14600,219.0582,39.9370
14700,219.9585,23.5437
14800,215.1090,26.5426
14900,230.3951,22.5130
15000,218.1574,33.5247
15100,228.5142,32.6041
15200,218.4511,26.7134
15300,224.2927,27.6144
15400,227.5010,30.2097
15500,225.0842,25.3654
15600,229.4626,21.4084
15700,222.1052,33.5297
15800,214.4348,28.0200
15900,224.8504,21.3428
16000,226.6218,25.9200
16100,225.2757,30.9459
16200,229.1228,26.4862
16300,230.0761,19.2925
16400,226.6260,35.7575
16500,215.0648,27.9654
16600,228.2349,30.5298
16700,226.5172,24.7328
16800,226.9312,30.3347
16900,226.2832,24.6040
17000,227.2976,22.3293
17100,227.6719,34.2895
17200,228.0727,19.4890
17300,207.7908,33.7995
17400,227.6367,21.0287
17500,230.6311,23.3875
17600,229.0485,33.9241
17700,232.1336,21.5494
17800,233.0482,20.3798
17900,228.8693,34.2630
18000,213.2623,37.2785
18100,230.9117,22.3368
18200,229.1775,31.2772
18300,233.2672,31.3926
18400,232.6254,21.0505
18500,233.4248,20.7910
18600,229.2054,23.1170
18700,232.0751,25.5551
18800,232.6836,21.0471
18900,231.0567,22.8815
19000,232.1128,23.7556
19100,230.8061,28.1049
19200,228.7601,44.4243
19300,226.0331,35.1406
19400,232.7407,19.9020
19500,229.2396,23.1771
19600,230.1023,34.5537
19700,228.1380,40.0421
19800,233.0424,30.9030
19900,237.9159,20.1966
20000,226.1980,40.2162
20100,229.1544,21.5443
20200,229.3041,34.3050
20300,230.5867,21.0725
20400,232.9834,19.1894
20500,232.8932,21.7951
20600,231.6922,26.2325
20700,232.3016,23.1807
20800,231.0423,23.1114
20900,233.7798,30.9592
21000,217.6931,44.8755
21100,232.6175,40.4299
21200,237.5936,19.6048
21300,233.4412,19.7259
21400,235.2843,23.7555
21500,227.0228,21.3589
21600,235.9857,25.9378
21700,235.1647,22.9020
21800,231.5082,23.5498
21900,236.2553,22.3781
22000,228.3082,21.4822
22100,229.6112,20.0238
22200,238.4465,31.5599
22300,236.9208,20.3869
22400,239.5341,19.5966
22500,230.2061,32.8030
22600,234.7852,33.4218
22700,234.3192,17.4491
22800,241.5013,18.9661
22900,236.1295,21.9722
23000,240.0206,18.5618
23100,232.3460,22.3716
23200,237.5700,20.1911
23300,237.6294,19.7208
23400,237.6180,22.6910
23500,236.7043,20.7987
23600,236.0816,21.1248
23700,233.0676,23.6109
23800,241.7451,19.2509
23900,240.9832,20.9966
24000,238.9021,22.3939
24100,238.9593,21.5009
24200,237.2662,22.9985
24300,237.5471,33.3825
24400,230.9516,22.2272
24500,242.0440,22.9321
24600,239.1893,23.4825
24700,236.8437,25.3801
24800,237.9666,33.5343
24900,239.5856,23.9011
25000,231.2770,37.2064
25100,234.8027,35.3485
25200,236.7867,20.4978
25300,236.8873,30.3940
25400,236.9204,29.0332
25500,240.1593,19.1579
25600,240.1396,18.9442
25700,235.1355,23.0814
25800,233.9134,39.3552
25900,241.5573,19.8435
26000,232.6040,43.5154
26100,235.2097,33.3760
26200,237.6664,31.7219
26300,243.9757,22.9667
26400,235.1134,41.8263
26500,244.0947,18.5555
26600,235.7291,21.3058
26700,241.2566,24.7840
26800,237.8757,21.0094
26900,237.7153,27.2821
27000,235.9991,30.7829
27100,235.8781,41.5471
27200,238.7705,30.9146
27300,240.4471,33.4477
27400,239.1123,21.1790
27500,241.7304,22.6171
27600,237.5713,34.2145
27700,234.2638,34.6507
27800,243.9315,22.7355
27900,240.2617,34.1465
28000,241.6679,21.0407
28100,235.7833,34.2887
28200,242.8170,21.8658
28300,241.8382,21.4159
28400,245.6528,18.3826
28500,241.0371,32.5012
28600,243.7834,21.2429
28700,241.4577,23.6422
28800,239.4081,30.8566
28900,238.0345,26.3276
29000,237.9864,40.3729
29100,245.2773,20.5226
29200,240.9993,34.3597
29300,237.9774,35.8292
29400,237.6424,30.4771
29500,241.1182,43.3229
29600,239.4892,24.0428
29700,240.4001,33.1863
29800,240.5934,21.8134
29900,243.2779,24.6805
